Algo_ID = LEA_CBC-256
PlainText = 6
"c7, 0b, 4c, 00, 88, 77, 03, a7, bd, d4, 28, 9a, 33, 3c, 23, b6, c9, f1, d4, ae, 09, c3, bb, 9d, 66, 64, 4a, c5, 7c, e5, 1d, 50, cd, d8, 77, a0, 0e, 83, ec, ea, 2c, cd, 53, 1c, a5, ed, a4, a1, 81, 00, 44, 11, d0, d7, f1, b8, bb, a8, 97, 3e, 37, 89, 30, 55"
"61, 73, 64, 66, 61, 73, 64, 66, 00, 00, 00, 00, 00, 00, 00, 00, 00, 00, 00, 00, 00, 00, 00, 00, 00, 00, 00, 00, 00, 00, 00, 00, 00, 00, 00, 00, 00, 00, 00, 00, 00, 00, 00, 00, 00, 00, 00, 00, 00, 00, 00, 00, 00, 00, 00, 00, 00, 00, 00, 00, 00, 00, 00, 00"
"73, 64, 66, 73, 64, 00, 00, 00, 00, 00, 00, 00, 00, 00, 00, 00, 00, 00, 00, 00, 00, 00, 00, 00, 00, 00, 00, 00, 00, 00, 00, 00, 00, 00, 00, 00, 00, 00, 00, 00, 00, 00, 00, 00, 00, 00, 00, 00, 00, 00, 00, 00, 00, 00, 00, 00, 00, 00, 00, 00, 00, 00, 00, 00"
"73, 64, 66, 61, 73, 64, 66, 00, 00, 00, 00, 00, 00, 00, 00, 00, 00, 00, 00, 00, 00, 00, 00, 00, 00, 00, 00, 00, 00, 00, 00, 00, 00, 00, 00, 00, 00, 00, 00, 00, 00, 00, 00, 00, 00, 00, 00, 00, 00, 00, 00, 00, 00, 00, 00, 00, 00, 00, 00, 00, 00, 00, 00, 00"
"73, 64, 66, 00, 00, 00, 00, 00, 00, 00, 00, 00, 00, 00, 00, 00, 00, 00, 00, 00, 00, 00, 00, 00, 00, 00, 00, 00, 00, 00, 00, 00, 00, 00, 00, 00, 00, 00, 00, 00, 00, 00, 00, 00, 00, 00, 00, 00, 00, 00, 00, 00, 00, 00, 00, 00, 00, 00, 00, 00, 00, 00, 00, 00"
"61, 66, 64, 61, 64, 73, 66, 00, 00, 00, 00, 00, 00, 00, 00, 00, 00, 00, 00, 00, 00, 00, 00, 00, 00, 00, 00, 00, 00, 00, 00, 00, 00, 00, 00, 00, 00, 00, 00, 00, 00, 00, 00, 00, 00, 00, 00, 00, 00, 00, 00, 00, 00, 00, 00, 00, 00, 00, 00, 00, 00, 00, 00, 00"
IV = 6
"83, 02, 7b, 6f, f9, b1, a9, e4, 03, 11, 89, 87, f1, 74, cd, ec"
"61, 73, 64, 66, 61, 73, 64, 66, 00, 00, 00, 00, 00, 00, 00, 00"
"73, 64, 66, 73, 64, 66, 00, 00, 00, 00, 00, 00, 00, 00, 00, 00"
"73, 64, 66, 64, 66, 00, 00, 00, 00, 00, 00, 00, 00, 00, 00, 00"
"73, 64, 66, 00, 00, 00, 00, 00, 00, 00, 00, 00, 00, 00, 00, 00"
"64, 73, 66, 64, 66, 00, 00, 00, 00, 00, 00, 00, 00, 00, 00, 00"
Key = 6
"aa, 81, b9, 97, ae, 31, 19, 29, 0d, d3, 5f, bd, 55, 1b, 01, d9, d9, e3, 13, 31, 6e, 24, 99, a8, 30, a9, ff, cc, 1b, 23, c9, 56"
"61, 73, 64, 66, 61, 73, 64, 66, 00, 00, 00, 00, 00, 00, 00, 00, 00, 00, 00, 00, 00, 00, 00, 00, 00, 00, 00, 00, 00, 00, 00, 00"
"73, 64, 66, 73, 64, 00, 00, 00, 00, 00, 00, 00, 00, 00, 00, 00, 00, 00, 00, 00, 00, 00, 00, 00, 00, 00, 00, 00, 00, 00, 00, 00"
"64, 66, 31, 00, 00, 00, 00, 00, 00, 00, 00, 00, 00, 00, 00, 00, 00, 00, 00, 00, 00, 00, 00, 00, 00, 00, 00, 00, 00, 00, 00, 00"
"73, 66, 73, 66, 73, 66, 00, 00, 00, 00, 00, 00, 00, 00, 00, 00, 00, 00, 00, 00, 00, 00, 00, 00, 00, 00, 00, 00, 00, 00, 00, 00"
"64, 66, 64, 66, 00, 00, 00, 00, 00, 00, 00, 00, 00, 00, 00, 00, 00, 00, 00, 00, 00, 00, 00, 00, 00, 00, 00, 00, 00, 00, 00, 00"